-5118
2101
-2799
-9487
-5555
-2022
5075
6406
-1625
-3097
-8486
-2268
-5324
2383
-3071
-7046
-3801
-1064
-8774
4871
4039
4983
-5689
-3958
-9081
5913
7935
3400
6335
-4581
-2023
-7102
1751
464
658
2420
-5925
-8839
-4148
4128
9729
3571
-5854
7108
3271
-1953
6218
8110
1536
462
-8972
-2884
1874
-8611
-3803
-285
9682
7521
1927
-4408
4338
8541
4778
6988
-2535
-7850
7344
4590
5114
-9339
4637
-4897
6343
1082
-11
5842
4342
-3817
-4791
2541
-5866
-8015
1484
2040
-1283
5606
4429
2927
-7246
-3383
6128
-4071
-3116
-1186
9644
-611
-5684
-32
-2860
7350
3481
-7335
-9912
-5400
-6000
-3132
5060
-3887
-4080
-2958
-1001
-106
7834
-6205
1755
6054
5794
5897
7195
-6405
-3329
280
2438
-354
-6324
1181
9288
1903
-3556
-888
9965
-6146
-2381
9949
-5850
2793
5134
-2057
-5000
7696
-9964
-5421
1711
-2809
-7624
9347
-2902
3788
-6005
8910
6278
7227
3403
-3132
-4050
-6054
8212
-6985
1315
7471
-8098
-6587
-2262
-3876
-4506
-9535
314
-994
242
1956
-9248
-3840
-2951
-4185
1242
-9917
6888
-4960
-1345
-2338
6574
8156
8136
8870
-3306
-6551
-7158
-2673
9057
-7261
-4068
-4873
-8256
-1383
-1147
8306
7614
-8738
9099
3283
-618
690
278
2518
729
560
823
-3379
4801
-6769
-3246
-68
8236
-4477
-1950
-9118
-9935
1308
-6384
-383
2739
-9843
2110
-8266
-4818
9675
8040
9247
-9521
6920
-1812
8442
702
-3305
1018
-8893
7670
-1530
-4166
2823
-9002
-9949
-4833
8124
-5243
6543
7938
-6479
-2912
-2703
5464
7990
7412
-7696
7594
-7194
-5106
-5286
-2095
-9733
839
7053
-778
2015
-7565
-224
-496
8604
-6972
-5292
-8391
-9292
4925
-2453
-4857
5769
-5693
5523
-252
7050
1475
-6634
5406
-8783
2323
538
-7967
440
2039
4439
-4874
6775
8549
-4534
7781
-7223
9481
-6142
-4989
3636
7074
-3840
4977
-4237
-3217
1448
1525
-6595
-2318
9871
8622
6605
-1832
-3560
-5241
7763
-9403
8748
3872
9010
-5883
-9160
2569
748
3496
-1541
-8259
-1073
-4156
4700
-9690
-390
-4105
6226
6111
3765
4839
2262
5621
-2554
-9026
-1303
5932
-779
531
9514
8856
-7099
6554
3253
9652
4983
5692
61
-2247
4904
3259
-3230
1162
2740
2802
2110
2792
-504
-6583
-3998
9237
164
-398
-2149
-1008
-8377
-9709
-461
-8620
3210
1502
642
3597
9784
-3080
8009
-3600
-516
-9305
-7146
-1062
-2248
8316
7593
878
-9327
-658
-7074
3881
9817
3340
7124
312
-442
2741
-4022
-9525
-2076
-1553
-2781
-4599
9242
-8799
-9080
-681
-5425
7051
-3774
4088
2912
-3575
-4451
-7971
3590
8898
-9188
-1654
7710
4350
-1513
5960
-4204
-3902
3488
5519
8202
857
-9062
-9056
9132
3623
3768
-2079
-4651
-7403
6452
3441
-6207
5975
5030
-140
-1675
-5986
5978
-2727
6169
2320
-2868
7721
2492
2394
-7450
-6184
430
-2033
-1714
-5284
7169
4359
-4601
5629
-446
-6174
1744
3459
-8255
1912
-7267
8272
-3230
1032
-7736
8142
1158
507
3377
4279
9395
4147
-3573
2661
-6771
-8727
-7690
-6965
6054
-607
8054
9117
-3903
4990
-6331
9145
1898
9177
-171
-5122
-1479
6136
8443
-6349
6813
626
6658
989
1224
-377
3141
-1782
-2326
3963
-2771
3296
6524
-8123
-186
-7351
-1643
-2937
8183
9118
-935
6722
-9558
-4146
9331
-4490
-5789
2468
3004
-6908
-4195
9085
9138
-3477
7105
4739
6249
1241
-8953
-1567
-8192
-1959
-7178
-2864
7452
-6581
-1703
-4172
3903
-9758
-9786
8365
9737
-3158
8487
-1623
7641
-3729
-1480
9981
-1263
9372
-5626
7749
-8170
1960
8223
5320
-7036
4252
-4726
-352
-6495
1574
-7720
-2535
6203
-2873
-6665
-4858
-3112
-3369
8716
1582
5123
-6560
-2493
-5990
5835
-1832
5263
-6637
9383
7196
4530
6438
-2427
-4359
7500
-2075
4733
2233
-1172
-7181
9088
-5172
-3556
-7993
-5266
8126
-1839
-3407
7147
-8974
7052
-1431
6852
8993
-7799
-9761
6915
-8247
967
1014
-9314
-9804
-6035
205
-5488
-9591
-6197
-8702
5523
-96
-1400
3135
7234
9942
5414
-2793
-4659
-2114
-7643
1321
1004
4968
5527
-7530
-3187
3358
-1491
-9369
-917
7640
-3943
-7225
-4589
3680
-4754
4010
1691
4831
-1600
-3194
-9895
-9354
6118
1695
-9598
1871
3125
-5532
6040
787
-1580
2287
-4170
2177
2114
9316
-8216
-9804
9244
3620
4024
7804
-7103
4221
-332
9616
-3005
1746
-9293
391
1046
-1839
-4960
3326
-3613
7309
1067
5576
9078
-694
-7710
5689
2145
8597
-3717
-9996
-561
5970
1112
6237
1808
-6816
9420
-355
9892
864
1344
-3315
6264
-884
9866
-3567
8847
3257
4217
2178
7732
266
6960
5199
-306
-419
-7473
-6626
-8064
7903
6302
-5967
-1582
4209
-1789
-7105
7316
1376
9844
4041
-6901
-750
-1701
8759
-8164
-9405
3558
7287
-366
1232
6830
991
1632
-7957
5390
-1777
7649
2521
1141
194
-1411
5170
5592
-5514
3000
-2921
-1378
-4025
-1589
8776
5805
-8998
-3752
9305
5680
-6901
7368
6155
996
886
9745
-322
-883
-3375
4486
9151
-5486
-8336
-6198
9924
-2571
-2806
-7870
461
3476
-2638
-9897
-4555
-8515
6653
-9424
991
-2763
-7360
6172
-7553
5136
-4577
5564
7947
8253
4666
-3445
2143
-1079
7683
314
-9450
5360
44
1109
3233
4949
8341
-6455
-9238
5952
1939
2755
-7313
-5399
-4180
-1246
8863
-2045
2365
-993
2596
2807
558
-4079
-8409
-1420
-9810
-956
-2445
-8777
3592
3984
7259
-1520
486
4811
6969
6653
-2264
-6916
8690
158
2534
-2544
8615
4855
-5425
-8869
-4597
7429
2355
6034
-4693
8875
-7421
-9715
5820
5656
8763
-7763
3216
2567
1858
-7919
2492
-9444
-2010
3030
-6425
2046
-1259
-7015
-6087
827
-4633
-6359
-9922
682
-9181
-4056
7617
1399
6787
8174
2604
5845
-7069
2960
-2446
-9312
-518
-9425
-1251
8595
-103
-1051
8032
-6009
-9524
-4169
9392
3564
7453
-230
-4564
-2851
2196
6033
-4701
-7707
-9784
2222
6895
-78
-9223
3080
2293
1647
2810
3640
-5301
4153
6874
9385
-597
1683
-2180
-3770
1096
-3047
3098
4740
3304
-3236
-4752
9612
1479
-4786
-5154
-2743
3118
8199
3827
2583
-2325
2648
-7873
-8155
-32
1708
8951
7098
-9917
-3451
-2048
-1462
6133
-7054
-207
-2171
2738
-7384
-4158
-606
-9272
-5792
-522
8656
1509
-1492
-4311
1749
-2725
4924
8047
9581
903
-8599
5414
6928
-6118
4211
-6260
5176
1806
7864
6904
2992
-9805
3803
2478
3739
-1286
-133
-4164
-1908
3098
1745
458
2343
-616
4937
9269
-5965
9742
-7563
5632
-2448
1106
2366
3294
-5307
9642
3097
-5934
9731
-5372
-3829
-5727
2643
-5988
356
-3615
-3023
-9150
-4972
-3158
5006
174
-9755
1850
-4486
-2615
6489
-1144
-7552
-1183
-2155
1282
5622
-9004
373
-3531
9071
7147
2305
5413
-5806
7959
-7000
-2632
-4205
6234
-2328
9660
351
2793
-950
-9935
7145
-8058
2585
-9332
825
2186
-6011
-4603
-1676
3564
8637
7293
8372
9550
9451
2871
2512
5709
-1758
-9317
961
-6523
-6731
-5509
-3736
-8123
-1314
-1610
4643
-4731
-9357
-9966
-1299
1892
-18
20
9106
1859
4784
4296
452
-4758
-1930
5928
4612
1600
2244
-9779
7335
6003
-7881
7650
-6156
9480
4898
-3274
-2820
6746
5872
9182
-312
-9088
6003
-756
5713
531
6510
5336
1311
3979
-8019
-6310
-4197
-3729
8821
-9216
7270
-2474
1993
9346
3792
-6134
-4852
-8430
7111
4336
4953
-6209
-3459
6330
1281
9818
5451
-558
5392
-5277
6790
-2548
3796
5352
7051
-4206
7200
-415
-5877
-1855
4091
9762
-1090
1882
4300
3996
-6542
9799
-7763
3069
-3249
8847
8017
-8329
-7796
-6230
-4568
663
-2557
-5244
6920
-7023
3266
1678
-7804
-1383
8904
-418
-1813
-2234
3370
-9999
3800
9177
-1028
5766
-6230
-6825
63
1665
-9482
-5167
-7771
1878
-7661
-74
-2730
278
-6096
6655
-4907
-3660
8169
9334
-3744
9554
4219
-2721
5268
5455
7949
3975
-4900
-1254
9544
2287
-2304
-1737
4480
2278
-2049
-275
343
-5299
-4722
-4680
-3505
-8078
-4642
322
981
-6435
507
4344
-9991
6123
6341
-6082
6586
862
6309
428
-5239
-9397
5366
-4144
3958
4726
5093
-7505
6451
-6621
-4536
-3738
9018
3243
-1426
-9384
-4995
-8969
-154
-2017
-7343
5936
-4772
-6771
6589
-5926
-67
-9811
-5050
-1716
5481
-8140
-1970
6507
-2590
3461
1040
5119
-6478
-7846
7456
5286
-556
9768
-3227
3032
7679
6930
-7967
1896
-9926
-6519
9353
-2936
3783
4943
-1864
5066
9634
-3038
7295
4644
8830
-4036
3719
-7539
2102
6849
8558
934
-2648
9595
2450
-3263
9200
-1648
-9701
2772
-501
-6859
-2396
-1416
-1739
2732
4738
8872
-3097
8651
-220
-9098
-419
-698
-4720
-6926
-2575
-8240
-2410
-1550
8871
-6060
-8701
459
1171
-7155
-8403
-2549
6512
-8494
9383
-791
-9668
6551
3623
3751
-7956
-2631
3054
5979
-552
9413
-2262
3759
6548
-3143
-8681
8327
8212
8155
-8799
6592
-6132
-6753
-2691
-5741
-7386
7088
5315
1681
-6107
-6288
6457
2338
-1843
-7685
9911
7912
5549
8725
-2802
-6681
-5344
212
473
9020
5544
8002
-9607
7540
5489
-2560
7741
-3560
-6347
-5985
6870
-7674
6922
-8649
-7022
4479
-5424
-1214
5554
9635
8720
-2829
7312
-7258
4140
-6241
-8255
493
5780
-9710
-4794
5589
-9723
-1086
-7754
486
7858
614
6687
2588
-4909
-8840
6650
-6962
8432
-496
-1804
-657
5944
8613
5613
-1415
356
-6409
1443
908
7458
1602
1141
-6679
4188
-218
6908
-3881
4097
2780
4704
-9991
-829
-6631
-247
-9248
4254
-862
9011
-361
-152
-3349
4513
-9446
6316
-4390
-6297
-9183
-2074
-6263
7724
-7474
5378
7811
417
-9515
8237
3495
-8210
-1929
-8787
-6108
210
-8301
-4461
-2312
-3200
-9868
-5116
6912
-7670
-4450
-8370
5946
3922
417
4082
-9474
-5384
891
-4653
7518
-2101
6806
6324
1783
3384
5689
7257
9797
21
-2151
9839
-7581
-3758
-4702
-5901
2768
-632
8609
7099
5401
-8880
-8505
-5525
715
3576
-7694
7319
7160
9958
-355
-4538
6200
2281
-5953
-4156
-6454
-5077
-1767
-7
9697
-438
-7245
1643
5466
6615
-1825
-1493
-7701
3308
-819
-8217
-3792
-5107
-2610
-6829
-6587
7048
7755
-8539
-2079
9746
-1018
5074
4495
2584
1712
1735
7883
2491
-2895
1890
-5233
-2983
-9351
-6265
4788
1124
7086
-9292
8814
983
8565
2762
9432
1316
-3496
9609
-909
7657
-5781
5152
7780
-8624
9963
-1714
-8179
6087
-2170
8953
-9358
6520
-6346
4896
8288
3200
-2106
-7683
5292
3217
-7220
803
-3152
-5435
-8272
-8445
-7942
1360
3330
-9534
2903
2285
4169
2967
7087
4996
9659
-6442
-8093
8930
5849
1295
-9471
-2987
-6111
7851
-1284
2324
6758
835
-9493
-8409
-114
-8749
-8082
7584
4091
5959
-4481
6527
2676
7292
2404
4377
-6340
6621
9444
-8879
6074
277
-1212
-6160
-2759
-1127
-216
-4684
-8730
-8560
-6356
-1248
7790
-767
-8536
-4605
-8827
-269
573
1163
7009
4898
-9089
-463
-7875
5659
3236
-4873
8923
214
8806
-4148
8432
-621
5607
2767
7552
6914
-7476
-3570
-7481
9896
-2961
-8183
9969
449
7399
8054
-141
-4714
9170
-4888
-3141
-6883
8060
-2511
-8770
2411
-5501
-8380
-2539
450
-9998
6978
7809
-4252
-9229
-4261
-7881
7694
-1941
7300
-9756
9100
-3404
-7726
-6265
-5244
8142
3138
-2258
-8876
-2188
-9314
4066
8975
-3501
8317
3937
2523
6747
7435
8528
-7262
4421
-4225
-5406
-7278
417
7883
9774
-9204
-5635
9770
9797
-765
8605
-4001
1721
-6128
9435
-545
921
9718
7010
-3453
-9378
-323
7957
-2236
9450
5726
-682
7528
-3294
-5517
-299
-9135
9974
1758
8604
7364
7356
4774
6357
7692
2974
3208
745
5018
-1858
-8751
-7043
3830
7631
8368
2425
-8980
8490
4064
3374
3404
205
7192
-6602
-1678
-3070
-5968
9575
-2793
6411
-2451
2647
-3210
6206
6067
-4721
-8636
3135
-4513
9517
-7276
1760
-1834
-7943
-8860
-5840
1129
-6533
-67
-6044
-6170
-6945
7457
2656
2053
8314
7381
5005
8375
-5024
6707
-9858
2903
6752
2453
7343
-7967
-6023
-9320
-4463
-641
-1909
-3006
5839
-8505
2158
523
-6703
-4180
8981
8290
-7946
8551
8157
1604
-1311
1492
-114
-9699
1835
853
418
-7715
-353
-6720
-4783
-4030
38
-8941
-8997
3558
4786
-3584
-9241
9061
-3274
-3980
-3430
-916
-2001
1544
-7514
3326
-318
5666
8222
-5946
-6752
-7365
-5036
4911
9573
-8081
3658
9468
-1841
-2812
-6846
-9996
7054
1742
7249
8802
4667
7482
3032
-5108
2840
2242
-679
276
-7036
9905
8936
-4709
-6730
-2616
-5002
5151
2859
-777
-7359
9387
-8754
6233
-4008
7587
5883
551
-3013
-6499
6143
-9197
-7752
7808
9441
4900
-9716
4786
3389
-6483
-8832
-8947
9658
-3229
-6298
-6146
3515
3709
-7245
-4991
2191
527
8861
-7413
1226
8776
-8292
-2081
2361
-232
4029
7329
2146
3491
-3536
-3285
3342
8364
-8278
2183
-8135
7645
3752
8546
1343
6767
8302
8282
-3055
-2764
-9530
-9753
1768
-8618
4760
5516
-7215
-3865
7377
9453
-3726
-6165
-6531
7818
4083
2959
2623
4419
-5655
4564
792
-1468
442
-2707
9085
-6951
-3187
-5406
-8230
4624
476
597
-5424
1745
-3138
6957
-7577
-2246
-8887
-7062
-2322
8244
-3514
2136
-7947
-1616
-7520
3569
9553
8866
41
6435
-4027
-4281
-6751
2910
-1307
7842
-3435
-3454
2720
-2998
-5462
-2664
4988
2083
-7835
-5072
8912
-9427
-7505
3924
119
6861
-7800
5763
9788
5228
-7956
-8733
1908
3645
-2776
-9191
-3277
7429
232
3817
-4855
-5875
4108
5375
-7139
-7063
8241
-9540
-9013
-9093
-2105
-8056
7927
-5716
2213
712
-1097
-8429
-8648
8985
-4313
4950
-5569
-1030
5542
-3866
-5757
-1160
5544
-8877
681
-3425
-5093
-8225
8271
249
6610
2820
-4155
-4145
-1350
2280
-5137
-3983
4822
7317
8955
-8241
755
-7136
-5276
-6223
-440
-9516
939
569
-2551
6836
4883
9481
3850
9421
-2964
-1900
-1710
-4410
-7597
-7182
9250
4717
-1698
-6662
6089
-6656
8702
-2841
-7518
-803
1764
8973
4391
1886
3419
3828
8756
-5531
-9466
-4048
-4618
-6895
885
-5393
-6883
-1984
9344
1349
-4645
6247
5651
-4243
-1802
-6456
-995
-7538
5200
2020
638
1848
2646
-1791
1715
8201
-9626
7601
-8325
-2811
8867
9471
6771
-5712
-9319
6846
-6928
-7248
4544
398
-229
3232
9657
-1430
-9162
5409
4617
-850
8163
6912
-4692
-6399
9562
-5674
2561
-8295
8007
6482
250
-1904
3617
781
-4195
-5172
-9700
-5698
-4660
-1524
2773
9455
8246
9495
7589
7662
7855
-7322
5707
-1768
3167
-5784
4846
-7016
2065
-3318
-3666
2563
8520
5539
6804
-1682
-9093
-880
-7926
-1282
2568
-7130
-147
-5274
-907
9799
9159
-1343
7701
506
8287
7483
-104
-7796
9791
4796
6780
-9462
1758
1312
9476
5527
-893
-9884
-796
2209
2696
-8225
-2811
-1810
53
8298
8012
6410
-7226
2189
7634
-9474
-1997
2374
-6485
5189
-5913
-8980
2813
9391
6906
-1125
-3564
-6336
3146
8010
5961
-4607
-4394
1532
3237
-3845
9515
-8817
9583
2204
-8847
2363
7497
-7204
2585
-3945
-9618
-4628
939
133
9363
8554
-9865
9520
4587
1885
5493
9973
-5281
-3068
5330
-6760
8627
-6093
8021
-3846
2265
-4029
-5160
-1300
-2867
-9538
-5072
378
1295
3633
-9009
-134
5112
-9467
-6183
-5816
-3809
-8492
9671
6172
-3398
-4392
-5645
-6128
-1963
-4354
3272
-9384
8518
1446
-5069
3160
-9730
1404
7311
1830
-3518
-3469
3166
4721
-5687
-6142
5219
1261
-8310
-7169
-3412
-8139
-845
-7593
-2326
-6589
-6938
2365
-8051
-9171
8600
2962
-9011
-1129
-2595
-374
9572
-7776
9899
7589
-1829
8028
8337
-1989
-958
1648
-1654
-8316
326
-8564
2884
5915
2394
-2034
5756
4301
8934
7193
-5956
8464
9475
-4941
-7943
-7913
4470
2140
989
2309
442
-2518
-9562
6739
-8787
-6803
3639
8724
-22
-6741
3580
-8882
3119
-3476
5545
-639
-2745
2002
9389
-4239
-6205
9394
2732
-9055
-6529
6047
5316
8916
9739
-8828
6848
9245
-654
3099
4556
7561
-1961
-5357
-7516
-8295
-8707
-9734
-6752
8711
6581
-4927
6599
3576
-8027
6184
-2926
8099
-8493
2157
4955
3798
-3368
5269
-8145
1907
-1160
6821
6538
-7177
-3572
1758
-6497
-6733
5449
-4713
7630
-1624
6604
-3450
-7688
-2593
8325
-937
6564
-1396
-9374
4403
7522
-4003
4166
-9605
2415
6052
-9499
-5104
8902
-1660
-9862
300
7085
-1528
3863
728
-1649
-9817
3010
9854
7602
707
2283
-7360
5486
-9475
-7716
6019
-4504
-6860
-2953
-7314
-4906
771
-8963
496
-4717
-9785
-9697
4519
1274
902
3545
-4292
8005
8544
7860
6148
-252
9951
5009
-8609
-4104
-3838
-4033
-4670
-6802
-3432
6414
-436
8651
-5528
9452
-4453
9711
5276
922
1756
1227
-3784
5728
-2688
-5700
7308
765
-6605
-3314
-9926
-5117
-4372
683
9759
9935
375
4540
-3716
-9475
-2956
-3370
-6677
-4114
957
-4048
-699
5381
-4753
-4399
978
-9949
274
8070
-9972
805
-7049
-791
5271
-793
8067
-6405
9980
-383
5479
1661
-8840
1705
-5017
-6372
-2645
-4952
6652
3572
6961
4763
7514
-94
9427
6003
-4698
-5367
-1195
-655
-1734
6329
1724
6929
9019
2603
3696
-7185
-4385
2644
-5807
3543
1824
-6401
3116
329
-2881
-1894
164
-4649
-4378
-8261
8321
1796
-3702
8162
2161
2692
944
7394
1428
1972
6691
-7634
-5885
3445
5715
2354
6761
6927
-6759
211
-889
7383
6953
-8747
5007
-9712
-7633
-6240
-5766
17
283
7453
1558
2879
-644
-7993
6721
5760
-7760
2123
1118
-2772
4980
5939
-8463
-419
-3925
419
9837
2006
3860
5541
-4287
6777
-6675
27
1674
1048
-883
-2886
2544
4176
5091
2257
-9617
4268
7673
8855
7289
8904
-5680
3194
-4459
496
-3015
8801
9724
4858
-4243
-3016
2994
-5651
-7393
4500
-336
-685
8240
8346
5015
5565
4514
-8215
8276
5836
-8587
825
-8186
9208
-7171
-6417
-2424
7319
1224
-1950
2621
4496
-446
-526
4478
-2137
6632
-9049
1172
-9673
1730
9964
5793
5013
-7470
2644
2160
-9927
1756
4655
7257
-2172
-9428
-8075
-1214
4510
-9586
-2732
-7187
-485
236
4968
2470
-3161
-9544
-6263
-7317
-4147
2862
-505
-5702
4765
-9972
-4443
-3540
-6004
-4610
121
1429
5596
-8417
7765
-9907
-7352
-3734
-3302
4978
-3369
7587
5645
8462
-6352
2740
2205
186
5300
58
-1285
-9848
-37
-5293
6289
2781
450
-7576
-5451
631
1078
-5434
-4984
-1545
5257
-5844
3699
-6532
-8162
2887
-9055
-9852
1889
-9039
-805
5159
6506
-7466
319
-8640
3021
-2600
7437
-1823
-7521
-485
3088
9821
5212
-8892
-7078
-3125
-6200
-6096
-7996
263
7178
7213
-5471
1463
-9132
-8781
8554
-4245
-7880
-8790
4897
3421
-9029
-7431
-4249
1059
5202
-372
8863
-5640
1036
-4437
5941
3096
-7132
1858
-8993
-1069
-4695
5311
-8684
-7648
-8439
4684
-8331
-621
7389
3596
304
-2010
4494
-7201
-6743
5647
1136
3103
8541
3681
-4290
-3645
3528
-5767
-7032
-5964
-2044
2223
-9480
-2324
-8283
8990
7990
-3236
-8998
1313
-8109
-5455
1069
-9986
3795
-5469
-4188
-2031
7908
-2184
6675
6916
-1768
6327
-8413
5798
7249
-1459
-7929
-2820
-7331
-6918
-1285
5406
6334
-4217
-8577
-2291
6338
6048
1902
1947
-7208
-8272
-2513
5085
-8731
2138
-403
-1302
6853
9591
-8550
-9074
9114
7760
-2844
-2544
6315
2479
1351
9512
-2838
5149
5305
6615
-4649
7571
-6843
6383
-2815
4645
3655
-3139
3948
-1122
-3795
7877
5549
6866
-1427
-9149
-7338
4562
-6954
9196
4485
516
-9822
7719
265
5912
-223
-8361
-5104
3151
-5468
5530
2171
-8891
3301
1425
1560
9792
-8433
4720
-3796
-2865
-7321
3020
9504
-642
3578
-475
2925
8284
2054
-5709
-8867
2982
-3834
-2583
-2714
5139
8147
-5896
-8831
-1779
3591
8778
-2112
-547
-5137
1423
8258
-4309
-9099
7669
611
9338
6725
-3694
-5911
-38
-5884
-4142
-8636
-9685
7079
9035
2528
9628
6119
3112
-2151
-8694
-9716
-850
2469
-6084
2465
-9686
2095
2212
5837
-1354
-8974
-5939
-2222
-1216
7357
6000
1911
3692
-583
-4388
-2225
5168
-5141
673
-4759
4019
7996
4177
-1300
1342
-5060
8654
1931
-5869
7486
-6922
-2362
-9770
-6094
-5769
-9673
2907
9304
-4557
-5137
6300
-7708
177
1026
-8165
1207
7777
-6655
-1619
-6529
4856
-597
3377
-6064
-5100
8766
-7707
-6033
4550
6865
7197
8108
6449
-5346
3032
-8735
9627
-7013
4307
-6502
9153
-590
-413
5347
-8392
-9710
-3
-950
-9458
-4969
-7670
2033
9320
-656
9937
8531
6431
9128
9688
-6301
2826
-4125
-3396
1214
-7005
2391
1149
-2465
4346
8362
1238
-1865
2973
9291
3520
-3053
4750
-1889
5438
8595
2336
597
-989
-2181
-3226
1636
-8378
-3950
-7438
-9444
72
3226
7665
119
-4564
4882
-897
-9155
-5698
9706
-205
8161
7352
6488
-9703
2239
8737
-1209
8794
3445
-6144
5703
3055
-8943
2354
-1823
7129
131
-4629
-241
-6170
-7202
-994
2046
-6392
-2308
9556
9346
9272
2822
3771
6012
9175
-577
-1071
7506
-5048
-3323
-9711
-9797
-6157
-3875
5524
6410
3341
-6264
-5655
-8672
8095
5436
-9708
2576
2904
-4414
4377
-1593
6880
-6424
-7485
9596
1454
5564
7774
-5053
3112
4792
4713
-7223
2318
7749
-2494
399
7661
2049
-4599
6646
-1313
-8775
1403
6260
9523
-8450
-9835
7435
-589
2555
-6598
1798
-2993
1206
7296
-7761
-5013
4070
-6195
7377
-2270
-2870
-2343
3707
8539
5242
-9248
-7656
-7296
8484
-2621
-6775
2987
-7549
-4518
6231
-2107
5740
8678
6527
4687
-1346
1579
-7362
-7267
-3672
800
6666
-3376
-8745
1658
-5428
5078
-2604
8540
-207
-2743
653
3903
-9864
-7676
-7099
5310
-7486
504
-3874
9976
8427
-4480
1105
-8306
2967
-6715
-6067
62
-9193
5562
2609
-793
-5874
-1382
8853
3759
-2319
6314
3773
-9012
-6633
-3467
367
-1170
-6035
1441
991
6832
1677
6476
-6330
-8907
8782
-4801
4918
6637
4285
1527
-2858
272
184
-9654
-7365
-4224
-6063
-1479
8236
-7379
7730
9761
9261
-6771
6700
3310
-1844
-7370
-2136
-9674
2643
-327
-3145
-5346
278
-6164
-2809
-8510
-8263
3193
-3973
-1860
-2270
-3971
8602
-9761
-28
8282
-5198
-9714
-9879
-4883
-4942
-9764
-9099
7616
6251
6481
6134
6459
-8303
5586
-4232
-993
9091
8836
-844
-6987
-8982
2159
-3592
-4902
8127
-1359
2591
-9903
4137
2815
7109
6159
9892
-8535
2375
-6711
6441
-2737
-5516
265
-6270
8919
-6896
-7878
-9516
-2724
3294
3466
6987
-1348
8087
1550
-9972
-4510
3522
8052
3878
-3215
7011
-811
-3032
5797
-2306
3177
-9628
479
-8625
-7945
9068
-8526
-3172
6452
1007
-8237
-3026
-1362
-8291
-9019
724
5359
9828
4384
-1955
645
-8884
3063
6875
-2645
-8501
-2353
9091
-9738
-7431
-5129
-5101
955
6782
5675
-5949
-5717
4105
-4195
5314
6139
4762
-8606
-2127
-9130
3396
9860
1972
9058
-1799
6176
-8339
3099
-9669
-9468
-1624
-2408
9621
-7387
-1047
8512
8439
-9468
-589
-7116
4893
-8262
-1972
-293
4728
2250
2641
-9486
-5251
-8473
6986
-9867
-6518
8452
3254
-7209
1220
1038
7395
1679
-8338
-2128
-2483
3663
-4802
4069
9612
-7605
6055
4908
-9213
-4793
6317
-6388
-5193
-9385
8143
-7033
8308
-6469
-5872
3521
3583
8490
8471
9193
-1399
-5414
8002
4095
-7570
8448
-2085
4430
6235
2692
1576
-2732
2413
-3874
-7153
-335
5396
1711
-292
-7055
3199
934
6830
-5718
8810
590
848
-2200
4963
3386
8070
-9044
3158
5407
-8183
6350
7383
9808
-7996
7425
-2391
-3544
-3599
3723
-176
2420
5052
-4851
-4670
-7442
-945
1881
9648
-9063
3078
7338
-8055
3809
2180
8381
9435
5902
4212
-5958
7103
-6299
3876
-2631
5721
-7935
-8053
9494
7304
1321
5320
3300
7960
3474
6082
4434
-3753
-3431
1029
1814
4512
5355
-1068
-1057
-3232
-5404
-5914
-3106
6934
-1285
-253
9519
1825
-7503
-2699
-8632
3510
8258
-6284
-4520
7386
-8778
-5662
3121
5980
950
-161
-4280
2903
-499
-6838
-7138
3293
-1392
-7146
-7723
3295
1219
-2855
9375
4589
-4270
-2717
-1601
-1279
-5174
7310
-7195
3418
-3942
9690
-4632
-1755
-8462
-8863
-3370
2385
5953
-1121
-6773
5577
6750
1888
-39
7929
-3520
7967
4186
-1107
7987
-2494
-5544
745
-421
4514
1803
-1783
-9844
7971
-3335
3865
3872
6376
-3266
-6935
497
-2338
2307
8561
-2131
9475
4821
-4306
5478
-6553
-808
5021
6744
2050
-6096
7558
-3721
4947
-1548
-1572
5237
3384
-5118
7858
3904
2683
1064
-3907
-1640
-4730
8799
964
8645
201
4357
-1097
-2887
2758
4808
370
9929
-7532
3420
-3981
3452
-4599
8916
-7569
-2250
6264
-4714
1742
-7658
-767
6745
-593
-1110
11
2759
8678
-2777
-155
-4912
2722
-9785
-8417
3572
1618
-2791
-4747
-5889
6941
8073
-7713
1926
4419
-8481
1124
1338
3007
5185
-9583
2176
7904
1470
-4437
-9820
5156
-5358
5108
4936
4225
7111
3411
1105
4831
-1809
8259
9856
-6877
-377
2797
-247
-5515
313
-3687
2758
-1335
3634
4349
9429
2171
9146
6723
8369
6830
-8421
827
-7649
-3633
-404
8244
-1951
-799
-6723
7185
7221
1864
8068
-928
1940
9870
4012
-9691
4643
-7960
1797
6871
2621
-6437
-4625
5129
712
-2943
5757
-6212
7105
-1139
-6111
-6379
9616
-8324
-931
5292
4048
8555
-8940
-8202
-3792
2221
-6112
-883
-6400
-572
2856
9811
3278
-9769
9593
-1912
-1983
9252
1921
9493
1132
-809
7970
4030
-6608
4319
-8352
2392
6656
4831
-2812
-2188
7754
-4669
-6920
-1077
-625
5220
780
-2396
7212
9538
5297
-3546
2441
-2348
1312
-9675
-9536
2173
-3940
-1321
8948
-2200
9776
9284
-6798
8032
-9863
-4035
2039
-1142
-9940
9957
-1093
-7009
2017
4056
-5661
-8116
-3748
-715
7159
5891
-9176
-3085
5480
9184
-9520
-5770
720
-2591
6245
5655
-4468
781
-8326
4840
-5234
-8132
6930
4632
-8721
1874
9648
9699
2525
-5424
1037
-9013
-3057
-2382
-2250
8133
-7331
-9030
-7656
5947
2299
5734
-9505
-9118
675
2781
6013
-3997
5621
3691
-3572
4034
-4215
5121
3364
581
-8274
-5432
-1896
5857
5283
1909
715
-9447
2809
-4644
9368
4411
9236
9520
1937
7306
8790
6158
8229
-3872
-5392
3811
-670
-9680
-744
-9545
3573
-686
5705
4916
-5421
-9812
-4031
-6908
5142
9251
856
-2127
-6802
-576
-6627
-4918
6480
-1945
-3210
-5002
-8568
-9454
9894
-7075
4724
849
-5757
3551
-1264
8244
-8680
6733
1082
1877
4969
1485
-7937
1830
-5611
4259
8524
5719
-6966
4037
8859
-995
5998
-3109
4771
4168
-7069
-1681
-9087
3826
-3025
4685
3092
2863
-9871
-4272
-8927
-8026
8526
-1302
-3838
3237
-666
-3154
-5040
-338
-3231
-7904
963
-190
-3103
-6149
3118
3893
-8334
-605
-8483
9124
-5336
-5834
2970
-8394
-3675
-6280
9425
-2238
-2009
-5240
-5252
-2348
-7223
5168
-3852
9605
1402
5307
7773
9933
1079
-8485
3124
-9310
9470
6765
9953
-3026
-1759
-2516
-9378
-4274
7532
-2572
-3307
6038
-1350
7247
-7753
2856
699
4429
1231
3432
1784
-6751
8889
2089
-268
1521
6965
9033
-5933
2352
-2563
2601
-4035
-6846
9476
-8061
8487
6103
8734
-6852
7399
6914
-9330
-17
-8902
6348
-5591
1783
-5550
-1515
-7974
-7418
-1266
-6617
2288
1311
-7665
3397
-659
-9199
-5487
-4869
5759
-6517
5020
-7903
4291
-3490
3363
-7438
-4696
-9415
9000
-860
458
-8813
-6151
2516
3224
-7819
-858
7427
5219
-8371
-4421
4034
1504
3971
-7684
722
6685
8006
-650
3037
-9869
-5556
1970
-2518
-6298
-4537
-6526
3693
2267
4762
-4853
-5043
852
2984
-1772
-6589
5041
3839
-4074
-1676
6444
-6985
3982
9498
8588
510
7784
1249
9697
736
9350
-1140
6597
-2432
-5812
9374
-4031
1165
5324
1653
5624
4992
7456
7196
5444
283
-7778
-7319
1474
-7460
-1028
6526
666
-8824
144
-3715
-8510
-3095
-8745
-2066
-2717
4912
-2824
-9366
6654
2104
-7027
-6633
5911
7031
-2942
-9345
7239
-697
-6476
-744
1732
81
264
-1875
3601
8685
-4161
-9897
1389
-5406
9376
5742
6625
2693
7676
2602
2895
6162
-2985
-1293
-2403
-6380
-9135
-7255
5535
-7038
6740
8194
2774
-7864
-2558
-7740
-2143
8243
5875
-8662
5474
6478
-6932
-1438
7583
-1222
4657
-9626
7253
6998
6719
-3227
-6072
-8287
-3191
-8315
7271
938
2118
-4178
2530
-2770
-2374
-5474
1324
-2620
-9519
-7283
-5080
-3486
6213
8960
-2470
2281
-9802
-8463
-4723
-6752
3651
5627
9983
5134
1981
-3325
7969
2633
-6435
7173
-8838
-1246
-8310
7805
1435
-3874
9662
9351
4082
-8307
349
-2081
-1290
-9188
-7257
5720
8850
6928
8199
1847
264
1270
6008
-9387
9904
-6441
9330
-9027
3333
-4703
-7172
-3160
6710
7985
6300
2087
8150
-3090
9562
-9066
4318
-9438
-5207
6145
1395
989
-1536
-5711
4290
6815
5878
-9069
7435
6017
473
4727
9426
-2992
71
6351
-2660
-9559
8042
-4940
1353
6434
-573
562
-5185
-6088
-3143
3828
6191
1738
-6695
-7969
8177
-2009
407
-6094
4114
5103
3062
-7596
6908
8902
4908
6740
1856
-1569
2587
-7733
1552
-3924
2486
6860
4092
9423
-2151
-4158
-4521
-236
-1519
-6209
4050
6412
4753
8190
-4833
-9334
5492
9894
-6430
-2106
-70
-4569
9846
9160
749
-9635
5281
5985
-2477
-2926
5114
-1781
8864
-3542
-4222
1762
4108
6153
9873
-8178
1849
-8716
-3008
8309
7402
7121
-9811
-9081
-4507
-3386
-3788
5237
-3349
-5352
8424
-4933
2040
-6480
749
-9298
1735
5801
3235
7894
-9823
-6478
-6127
3773
-8510
-2531
3209
-7148
-810
-1309
7894
-1709
5510
5669
-8744
1841
36
7364
-7972
5850
-1100
-9550
-5909
1959
-7634
2615
1738
3040
-9649
-4753
9516
-3415
3179
-4247
-2611
-7895
2284
6080
-8307
-4299
559
-3070
9791
2108
6747
-1426
-4469
-7194
476
4563
625
2617
1474
1693
6997
9810
-2189
758
-7470
-1376
3358
3084
1
8962
-604
-2218
-7706
-8958
-634
-8642
3998
-5278
-8167
603
-7234
-7630
5829
-223
-8277
8987
-8623
4599
7322
5322
-8370
-3313
9271
-8322
4550
5741
1480
4780
6989
-7516
-4923
-4891
-6988
1895
6096
-8992
-635
6948
1502
-7595
2243
6956
4545
-5459
2748
-6572
-7384
9957
-5174
6105
-9108
8078
-9339
3338
7039
-4746
9246
-4598
8600
-9553
-1270
9689
6629
-6470
-1092
3575
4307
-2865
-2157
-5343
-5117
-9601
-6314
-269
-7562
-1972
237
4334
7056
-2069
8470
-118
-6314
5580
5869
4448
-936
-8528
-6428
9006
9052
7686
4232
-7293
8374
8367
3988
160
-4822
-5595
-3252
-161
3846
-5915
-8221
-2490
6684
-946
-5263
4737
2455
-3703
6075
-6135
-3318
-4469
3383
-6493
4882
4885
1344
-2005
2187
-6219
3779
-7906
765
-8028
-2285
-5205
-2190
-4070
7679
-9771
3379
-9402
5788
2387
9550
148
9210
-1529
-2090
-1742
-6196
8542
-801
-7565
75
-1763
-5793
-5472
8990
-897
-8771
1800
-7918
8338
-3350
-271
-4216
9538
-3994
7368
8606
8284
-8283
-7643
-6054
9803
-9653
1524
-8246
7248
7874
-2047
-7574
4013
-3195
4759
9407
-7780
-5953
7649
3422
5035
7545
6323
-9025
1490
-2204
2844
-848
-5145
3572
7872
-1791
-9196
-3140
4084
1519
6315
-1857
-7755
-4451
1845
5501
-5289
-8046
-2495
4245
-8217
-3605
504
1652
-4267
7213
1720
835
-4136
8586
-8378
9380
-3032
-6318
-4518
2350
-3235
6107
-8035
-318
-9566
3781
630
7441
-4404
2970
6760
-6777
173
3767
-2696
460
320
872
-8072
-1158
-4558
4075
-6580
-7235
3073
-22
-1926
929
-5586
6267
-9177
-7941
-7171
-5209
-6768
-6047
-5826
-7148
-2081
-88
-5422
-4775
9480
-6150
-3882
2027
937
-8670
5562
-3397
-5726
-1634
9256
9822
-1131
-3357
8838
4869
-770
7316
-5312
-3415
3268
6482
-1830
7692
-6875
-7712
3884
7007
-6062
6045
8783
-6984
-231
-5822
3706
-9690
-4452
-5666
2697
-1120
-5750
-1290
-5711
-724
4184
7167
7663
7372
-3060
-3289
-3475
-7409
2302
-6288
-5974
-2828
-4045
9041
6806
4492
3034
-1467
-9387
5157
636
-7739
-504
8609
6492
3989
-8220
-3358
4919
1289
7940
-3970
-513
-1258
4769
-9988
7441
-9659
-2135
3641
-5461
-2560
-9655
3883
-8837
-8358
3488
-1680
-200
472
-736
-3031
-4034
2103
-3793
1174
-5890
-1131
5381
-8988
-6388
-347
8467
5667
-8803
8176
-5471
-401
-4215
3838
-5742
1199
4806
-8512
-571
-2401
4655
5175
2388
8854
971
-3158
-8387
-8364
-9660
3488
-5720
1456
8738
3794
7338
5506
-4860
925
-8502
-7738
-5718
8898
-79
-6144
-2134
8727
-2001
7735
9609
-7557
-8931
3221
-9666
1126
-495
9069
542
6265
-8679
1916
3178
3755
-1519
-1963
6427
-4993
-1183
-6967
624
1466
201
-126
6715
1467
-4213
-2155
4894
7566
3777
-8428
530
295
5830
-3698
5883
-7605
-7158
4963
-9904
9449
-6003
-1691
-6628
-4162
-5717
-9455
-1804
5637
-7615
8406
-6890
3943
-8166
-8519
2394
7222
-7321
-7735
621
-7897
-2738
9758
-9961
-2463
-8437
-4694
5574
4096
-2426
-4478
-8533
3534
8314
-5702
7808
-3303
-1907
-9285
9470
4548
9577
7714
-6911
-7256
-384
-3695
-132
-2040
2663
-9360
389
4160
-6971
-3264
1701
-6704
482
6222
259
-5011
-241
7888
9023
-2116
-6366
4223
-7945
-8618
1992
-7333
6433
-1502
-495
-1365
7918
-3731
-8282
-9946
-4117
5807
474
7969
-6994
-6356
9361
7101
5932
1409
8730
-831
-755
-6326
8960
8257
9550
-6159
-7295
5043
8940
-4781
5386
78
-446
3407
-3117
234
3902
6687
8938
6178
2876
-6333
1964
-1380
154
-2683
-6052
-1718
7514
-9990
6065
8550
-6519
5716
6318
-3036
6978
872
-1
5147
1027
3381
4000
-7635
1486
7
-4487
4965
8644
7202
-9418
2447
8528
-5244
-9611
8541
-6563
-5372
427
2208
-8775
-9770
795
-1579
5366
3603
6949
-7075
7077
2422
8291
-322
1975
-3887
1730
4918
-2179
4375
1758
-2865
-4753
-3242
3507
6939
-6127
-5905
8606
1079
2411
-5936
-6949
-7090
6772
-7221
-1627
-3295
4018
6825
-8748
-8067
4795
-173
-307
845
-919
8606
-8728
-3808
-102
-581
8855
2668
8278
2041
-868
-5144
-8099
-171
3099
-4061
3119
-6239
-1130
-3402
-7209
7166
-2839
-7025
-3442
9321
-9961
8347
-3782
6729
-7614
-6023
3960
9637
-5975
-1890
-5362
-6722
2029
4983
6155
8477
3490
9070
-5693
-9899
4652
-7153
-3467
636
-3466
2759
9819
4732
3713
433
9256
-2972
-5906
9411
3282
6653
3841
-4982
8954
2763
610
-5527
623
-4781
-6966
2596
3313
9636
-3732
6329
-4712
2532
8726
2842
8024
-7991
-9322
-7173
-8203
-5942
3810
-4502
4832
9707
-7945
-2733
-7101
8548
-1696
7275
8973
7674
3636
-2102
179
-3589
1675
-7947
-2433
5833
2971
9889
1614
-1604
9259
-1322
5833
5580
-1134
6519
5358
2204
9545
-9768
-2495
-1831
-4173
4920
2076
9792
-8443
-6535
3761
7745
-5161
-347
5647
-1429
-364
4425
-5071
3769
-5880
6015
2101
-4076
3345
3648
-7990
-8452
-427
-961
-6371
-8781
2261
4841
-7836
3037
8662
-1944
1446
-4855
-5525
-8594
2691
1638
8063
-6300
-320
9027
-8389
9631
-7282
301
-213
-8289
-4971
9163
-5902
5183
-1154
-33
7510
1867
-2112
-7030
-6268
-5161
-8920
6804
-7328
-4757
-3178
-4540
-1453
497
1120
-8732
-2209
2170
-4947
-7052
-4081
-7380
6842
-5993
2117
-3523
-6190
5956
6755
-9775
-4272
-9487
9513
-6482
8462
2654
-2082
-357
8796
-5692
1336
-2905
8760
1737
9705
-2014
-1292
393
7721
3292
-9874
-5109
-29
9468
-9425
-3552
-4027
-4790
-5226
-9620
-6434
-8954
-5485
837
-5336
4206
2923
-2697
-7603
-6046
-491
-211
998
4749
3581
-1721
-9917
3792
-3981
4601
355
-8531
7933
8389
7965
1627
6959
-5047
-7898
-7893
-612
-9891
-5614
-3523
-1991
3924
-6387
-5830
-717
-9329
5878
7029
-5646
13
3140
171
2678
-8037
5153
-364
8020
-5017
7937
1841
4744
-2161
9038
-5751
6979
-5907
1235
4643
7527
869
9266
-725
8630
-1719
4928
8538
-992
3546
7494
6698
-9652
-2358
693
-4341
-3070
-989
-1790
5010
1532
1454
-3295
3355
4342
-7558
-9700
-5785
2814
2543
8018
-5360
-9846
-9690
-9084
-5775
2749
2283
7412
-3478
2567
-3603
-3190
-1619
-5649
683
1366
2623
1322
-8767
-8089
-4473
3533
-5352
9952
-4503
9609
-9840
6319
1970
3509
-9121
1536
-3327
-5352
4959
1124
-7967
-1865
-2594
-5032
-7570
2932
-3850
3995
-2741
3115
8663
-4976
3011
1447
4206
4807
-9546
-6695
-8119
-9966
2563
5871
474
-2743
-9045
5524
4807
9806
1217
586
-3913
-607
1939
-6125
2095
5354
1622
-53
844
-4069
8262
8926
6579
4894
-3313
5033
-3427
2050
4715
9881
2981
-44
-5924
-5214
2972
-3495
-3733
601
2298
9752
3642
-4443
1064
50
4431
5758
9315
-681
-1168
1315
-5687
5142
-555
2236
6969
3423
-9270
-7534
375
-6584
-324
-5911
1795
2226
9337
-2605
9062
-476
358
-7155
-4537
-2816
8242
3178
-3711
8188
-7715
-7295
-686
-4953
2617
7965
6147
-972
6873
-1270
-2008
-9440
4398
1061
6334
6843
254
-2218
3078
-1339
-6630
-5204
9429
-5309
-319
997
-6166
-5641
-7182
3927
731
5823
875
8259
-4428
7425
6448
-1835
9419
8138
-2837
-6811
-25
-8897
7929
-9559
8712
3515
593
7115
-7040
-2127
-1250
-9683
-3353
-7333
-2954
4326
-1852
-6279
-949
-3823
8753
-2917
9622
-9454
7697
-7509
-1719
9078
-6025
5503
1940
-7245
8906
8374
-9839
-8404
-586
8651
8308
1610
-9373
9086
4754
-760
-6171
4330
-6192
-3033
6417
8019
2456
-9241
-6512
-5243
7753
-7416
5625
9171
7082
2950
8601
-2190
-8461
-646
-7509
5393
7710
3467
7549
-1233
-3728
-5845
-1408
2787
-4295
5470
-2088
-5634
-689
8605
-2026
-3496
4272
8191
-5019
8222
4057
-8512
7982
-7746
6541
-3627
-9862
8731
2152
6489
-499
-1411
4199
-1439
9652
-4331
2019
9356
3409
63
-7939
2651
1392
9755
6960
-1590
-2432
-8468
744
9545
7722
-3984
-4078
-870
1550
-7906
4021
1093
5537
1886
5036
-9241
-9682
-6010
8853
5306
-5265
-4719
-7559
8853
-3465
-8244
-1775
3467
1537
5360
4367
-3571
-1638
-2849
-9389
601
7341
-7350
-544
756
-2090
-2412
-4495
7963
-8884
-2066
-6237
-4571
-4895
-5001
-7026
3618
7073
-1168
-3560
-5533
2128
-1677
3298
-4457
8230
3681
-4392
-6584
846
6328
1463
-215
9993
3125
-356
-7491
8657
-2797
-6655
-1557
-1594
-4907
6774
5413
-6689
8677
7844
-2152
-3054
-1044
-6188
-1964
-7260
-6563
-8899
-3929
7395
-5005
-8189
452
-2296
-3421
5696
2299
-1888
-7189
-9751
5909
4490
-3331
-8663
4219
4130
-1915
9334
1875
5917
9866
4572
-5769
-4785
-3085
-5296
-8706
-4303
9741
7905
8379
4537
-8491
-7495
-9077
6608
7324
8820
3219
3285
-156
-5662
6762
-8284
789
1603
-267
6227
927
1348
-69
4319
-707
-4250
-196
-436
-7537
331
-7494
3146
5591
-5345
7157
-5711
1716
-9920
-7721
-9317
1352
1404
4429
5651
3389
9880
-3387
-9551
-4308
-9381
-9920
4427
-848
3751
-2354
9676
3371
-172
-2053
-5871
855
-4899
-4074
-6590
3031
3087
951
3024
-9095
8206
-193
101
378
-8673
-4251
-7293
5681
-8806
-8013
6461
6561
6594
-5467
-8931
3831
2764
-2540
-801
2900
-3308
2696
-9126
3276
4996
-7421
8174
4134
-68
-5344
1146
-9461
-6324
3873
-5351
8471
9341
5952
-2635
5356
8539
8153
-665
5706
7777
8385
2209
-5138
6006
-8377
-5370
1768
955
-2177
-3693
-6144
-4010
-9258
-153
8306
-4071
4249
9705
-7850
-4821
9447
5058
2866
-1977
5897
-3178
-2594
-2540
3725
8353
2838
5099
-8005
915
-2947
-2976
-5881
2001
6859
-3554
1165
8676
-522
-1188
-2979
3616
4712
-2789
5856
2862
2203
-4299
-3254
2944
769
1964
8780
4034
9730
-1334
-7923
2371
-912
-6733
-7852
3870
-2464
589
891
-6969
-7485
-500
6735
1802
7976
73
6487
8201
-4120
5417
-460
-2279
2580
8803
-9194
-6202
-6452
-8636
2487
-5609
-7445
-1880
-6376
-7425
-1635
8265
-3992
624
4803
5956
-295
-1991
6368
9980
6541
7442
4463
3614
-3096
-5549
3360
-6045
-2399
-9335
9583
3264
1950
-1478
-2953
4675
-4694
-2523
1255
-2326
-3195
-7078
203
6588
3828
8422
-6548
172
7978
-7527
241
4303
-807
-3435
-5543
-2213
-8227
-8311
6878
-5638
-7215
-3137
6328
-3406
2942
2855
6826
333
6293
9269
-5334
-7298
712
-5121
-8954
7195
-9042
-622
-4276
7844
773
2425
-4365
1786
8443
8631
-523
2903
1875
-5649
-5996
-6918
8989
8297
-3884
-2922
5748
-3336
-1829
3300
618
7105
-2694
3225
-8861
9828
-5818
7931
4755
-1468
-8903
9947
-9080
670
157
6768
-1935
3745
-7108
1370
7493
1496
-1992
3061
-1566
-297
-5141
8257
-7389
2389
8090
-2124
8046
8096
-1099
-1593
3602
-631
-4860
3471
9823
-8924
2409
4686
5430
-9817
-4302
-5421
-9193
-4833
3720
5176
-771
2157
5864
6053
-2662
3535
-7567
3801
-5104
9972
9559
-2677
-9971
-5229
-8357
-3235
2335
-9273
8863
-4126
-2768
7998
8214
4634
1350
9607
461
8436
3571
9116
-8520
9846
2006
3486
-3847
-9807
7005
5233
-3062
8753
9784
-3760
-6344
7614
652
-2388
9948
458
-7526
-1689
-4612
4144
8315
3005
4396
-9109
-8936
-4087
-4899
-6053
-5667
7499
3592
8056
2139
8651
-2390
1554
-4391
-3605
5507
6279
2800
5637
9163
-6329
1078
682
-2848
1541
7555
-7184
8507
5526
-7407
3475
-4173
-6683
6174
271
3699
1154
5707
8222
-511
-8431
-1229
-2978
-3793
518
2767
6325
-927
-2742
-8421
4268
-8142
-1918
3867
-9392
4313
8594
-7373
-6514
-4452
3675
-8373
5100
-368
-3007
-8306
2153
-9875
-7258
-6665
9090
-8071
598
-1231
-2092
3248
216
-8153
5269
-9563
-3969
-8158
1305
-4615
-7953
-8639
4402
-5752
-802
136
8327
-2456
2382
1493
-7220
4953
7697
6129
-36
5814
8700
7882
-6122
5130
-2744
5486
6350
-3985
7403
4539
36
-5444
-2062
8578
-3693
-8490
-5788
-3537
-8844
5096
9612
542
-2893
3543
712
-4862
4602
6622
1390
3353
-6051
346
-9690
-5761
5795
-9184
-6438
5487
6451
9281
-1009
2343
-9877
4301
1867
826
2841
-7696
-8250
-1210
9245
-2391
9066
234
9166
9260
3596
7849
3255
5471
-5719
3285
9422
3684
-3635
-288
1084
-1310
-1477
2700
1475
9993
4711
8084
-8118
4420
9113
-725
-6328
-4990
811
8581
4709
2306
4976
9728
-1817
-2105
6780
-4197
1936
5703
-8380
-4451
-1218
3081
6395
3412
5408
8663
9444
-6697
-903
61
6450
-782
-9977
-7693
-965
1171
9463
-2073
227
1908
-4892
-9104
-1114
3060
1241
9860
4160
-1571
3304
-9803
-5656
-2368
-3105
-1507
2058
7572
9428
-6715
-4053
6063
-4962
-9519
2650
-1425
-9080
6165
3549
4616
-5449
9391
-4100
345
6480
-5386
9428
1446
820
-7954
-1656
-2357
2753
2046
-6065
8409
-8080
-442
-5670
-3718
-3105
4115
8758
8638
3453
-8541
-3252
5066
3044
-4635
-8398
7268
6781
2979
-6847
9372
9953
1405
-5078
5579
7281
7542
-4834
-7316
-927
7592
-7544
-3049
-4278
-2179
2211
-8222
9414
-2212
-88
2638
3889
2207
-6922
-8036
1954
-878
7369
-7693
6683
9256
8503
-9076
-6203
3517
4812
4721
9858
-2453
6472
-595
-6416
-5784
2591
1116
-7959
6004
7798
-8193
2100
7675
-9590
-8225
7936
-6988
-1820
7417
126
-2202
7306
3025
4864
-1228
-1686
5795
-5930
1297
-2304
4816
940
-1409
1068
4268
-1652
-2585
9641
7389
-559
-4130
-9319
-3995
8217
5370
-7210
-8260
7113
8616
-5231
3729
-4732
2648
3400
6232
-3050
-6711
1770
-8659
-7943
33
-2538
5523
-5654
3345
-6729
9275
-5543
-4338
-813
-4219
990
6382
2050
8870
2059
7988
-725
-3986
5544
5273
7365
8016
4862
2509
6872
-5688
4621
-8718
5881
-906
3597
-4995
7622
-7154
-7713
-970
-5509
3416
1454
-9619
9206
3338
-7732
5020
-689
9199
-2129
9818
-9968
-5630
6307
-6434
252
4187
6165
-8865
1593
-429
7396
-1461
-9145
9153
-2121
-2840
5196
-7145
-3551
-9544
-7353
9046
-6615
5744
6715
3686
-8843
-908
-814
4693
7416
-9255
7562
1517
-6721
-6289
-3483
-8105
1415
-884
6370
9706
7999
5106
-2759
7426
925
-8764
-4866
-8197
6396
-6509
-886
-1649
1565
984
-7874
7295
-7598
8782
-103
-2529
-4466
-7609
-4982
-7015
-6299
-5099
3441
-7925
-5319
-5742
-2020
8094
3087
-5747
-6665
573
-2035
-6878
9440
-2107
-2498
-7974
-9051
2588
409
-2584
6509
3990
-9794
3321
-136
-5038
5945
-7177
6730
395
-8026
1666
-7504
3349
-137
1057
-1021
-7606
5827
-5779
-8886
-5567
-4544
8768
-9094
-8513
8324
1390
-4558
4195
4752
353
-5687
7873
-491
-8187
9665
-3521
7545
-3805
8145
-2804
-9999
-3720
8119
-3648
6996
3648
-2688
-2579
-2526
-2191
2136
8775
2913
-2123
-7012
-3574
422
-215
5201
-4632
7680
7289
797
-8950
-9679
6474
-9177
-8460
3286
4271
-7561
-521
-2323
6155
-6076
5522
-429
-4281
7235
8665
-1933
-2059
-23
-2166
6631
-5066
1353
-6001
2662
-4199
-7312
1480
-2915
5325
5286
-9845
5876
2330
9794
-7486
-1538
-9486
3152
-9174
-2661
-662
-7320
3408
590
4033
-3836
235
-1959
-4615
-8100
-5593
1079
1784
-7046
-767
-5084
-3537
9552
-9068
-3511
5881
-8833
743
1959
2423
9189
9553
1860
-2433
8406
-7677
2591
-1951
-4808
9642
-1721
4850
4274
-2827
-682
-5714
-2615
6006
-1424
-8781
-7092
-6845
-9111
3497
-7124
1006
-7094
2820
-6995
-3541
1607
8076
-2791
-655
-2967
-4124
-8779
8246
-7618
3734
-3360
3427
126
-5923
-6112
6407
-355
4877
-7280
-5589
2941
3321
-8957
-5086
1607
-594
2180
-524
-9870
1142
-6689
8609
-4412
-3735
-7066
-3314
2254
8351
8521
-114
8717
-6695
-8434
4810
3287
-9469
-2681
6661
856
8860
-5830
2911
6961
-5809
8753
2784
-7129
-3339
-5033
-6140
6217
5285
-1789
-3371
-6034
3532
9425
-5843
-3374
-9284
-7509
7307
-86
630
-2609
6242
3497
-6049
7644
-4033
2398
8703
8049
-8363
8746
-4037
2501
-5377
7024
-2719
-2236
-901
6245
-264
8025
-4671
1842
1309
-9825
-9590
4532
-8761
-6369
6992
-1132
2794
-7871
8132
252
-6751
1081
-3142
2710
-4435
7769
-4852
-3193
-7260
2918
-5735
-7115
5471
-8077
-8994
-5442
-990
-7342
2617
2953
8713
-4949
2057
1522
-6843
8184
-3009
9729
9174
6227
288
-2499
-736
-6691
8179
-3006
-2108
-7278
-4018
7169
5140
5019
9378
-7744
-4790
1747
1674
-1918
10000
1277
5811
3020
8350
7111
-4229
2385
8283
1537
-5048
-8440
2152
2981
645
8709
7096
5963
5528
-1113
6642
-983
583
-2360
7311
-145
-1106
-9632
3654
-6736
579
4331
1918
4282
-350
-4252
943
6549
-2627
767
-1911
2490
-2218
611
-8079
-3817
-4463
-1839
-487
6405
3279
5921
-3836
-5314
-77
-4137
-3377
-1157
3551
5053
8806
-6307
4991
9322
-1881
-4004
6967
4881
-487
2117
6671
9592
4370
-6772
4886
-425
5477
1239
-5851
2118
7491
-8448
8464
-8446
4202
6660
-1050
2186
6949
1752
3486
2547
7919
3035
-6137
-6437
-2278
-2288
-5622
3621
7972
-9537
-3855
-2319
-198
4404
-9813
3021
-1182
-5021
-9962
1647
-9660
-8468
8921
-3759
2134
-255
-4678
-3794
-9246
-6230
-2009
8558
-9380
-8130
4207
7918
9920
-1815
8848
-721
6568
9386
-7862
6464
6502
1089
1014
8238
-5085
-6845
6544
-4901
-7886
919
-1632
581
-1593
-992
7681
9703
3458
9799
6065
-4644
-2213
7913
2161
-6101
-3738
1217
2499
9604
4025
2953
-247
1833
-1187
-2433
2063
4083
2433
-3914
-3409
-5726
-981
1105
-7087
3255
-8451
1387
-6921
2372
-2913
-9212
-6096
5300
30
-2180
-4426
-476
-4277
3654
5146
-7331
-4891
5309
8523
1060
8130
-9061
-7196
895
2348
9134
1563
998
2836
2306
-6760
-2305
-6175
-7454
5159
9079
-7481
-9659
9508
-361
9367
-2246
-3030
3158
-456
5256
-929
-4128
7457
4322
1935
507
6032
-4470
5117
2014
3417
9543
9526
1425
-2839
-9168
9594
8499
-170
-1315
-5399
-3275
228
730
-58
-9015
-4590
-745
-508
2218
-2880
9096
2357
-2292
2854
1417
5391
-7735
7414
4765
-2286
339
-8935
851
6819
-3886
5895
-3563
4180
7713
2773
2539
7832
-2025
3545
9253
-9653
4879
1270
7542
2574
-7047
-8172
5385
3584
-2485
9013
-7539
2803
-3549
400
1018
4160
-5776
4865
4879
-4236
-437
3479
6176
-1600
-6542
906
9336
-8907
2709
-4603
1607
5926
9585
-4452
6938
-5360
4566
4619
-1949
7136
9495
-9871
-1046
7376
459
7219
-6504
-2519
-9997
-7145
-539
-736
-6256
9133
-5782
2187
-2851
-90
6657
-3563
8139
-9402
-6664
-149
5012
3008
9481
-8811
-2167
9667
-8708
-9574
8480
-5358
-253
-838
9000
8368
4753
3035
-5224
-6818
-8455
-4615
1291
8978
2001
-9664
5807
5249
4061
8317
-6597
6847
-4120
2160
9706
-911
-6164
2172
5961
-3606
1598
-3825
1503
5563
782
-8135
-8528
1835
430
-8092
2057
5277
-5506
9069
3841
-5374
6889
7349
731
-7673
-647
-7687
1659
674
-9147
-8003
-4329
4091
201
-2903
831
-3171
1331
-5111
-4388
9003
3621
6134
5168
6946
-3292
-3407
912
2117
-1218
-3878
2128
7368
-9254
2820
1716
-3604
-7341
3515
-2131
5096
3248
-7850
7096
-8772
-780
-4214
5135
-9063
2902
4502
6621
-2894
-8072
6990
-8223
-3584
2257
7498
-4240
7937
2886
1276
2567
862
8692
-8136
-7065
6351
3399
-4876
-8704
6517
-6182
-386
8776
-2397
7704
-867
-5437
-967
-5951
-9014
1017
9875
-2083
-7063
3296
9370
3218
-8994
6711
-1915
5344
-8417
-9406
7224
6637
4319
-9344
-1910
-2825
-4988
-2200
-5059
5172
8867
5821
-3949
-9732
2654
7503
-4805
-2021
2275
-6613
4719
3423
4767
-1709
-7707
-8622
-6091
6278
2790
-2333
-5550
-6931
6237
9120
-5247
9825
7180
8679
1439
-3170
508
1487
-6872
-818
-7450
1966
-3467
-1541
1721
-9530
2632
9032
266
8118
-4341
3351
-1547
-1392
-1996
-3575
4110
8290
7314
1316
-1655
-5870
-5054
1086
3620
45
-9856
8965
-1479
5296
39
4048
486
9888
-8388
-7193
1930
-8455
4702
9232
-9320
6082
3241
7502
5663
-5197
5933
-2233
-3386
8153
7738
1375
3506
5078
-851
1130
6194
8834
-8253
2105
940
-7510
9458
3792
501
-4224
-7442
7957
2736
-7645
-8979
3390
4426
6836
5462
5863
-2421
3773
-5934
4516
-1465
2402
7499
3400
-5617
929
-9377
-8146
5305
4903
7067
-8345
-4273
7121
4069
-5001
949
-8460
-1563
-1854
6224
4016
-4642
4636
-9796
-4406
2815
8093
-9207
-1948
-1786
643
2608
-6036
1238
3696
-5201
-8494
3479
6335
-7521
3683
7925
819
-7273
-5906
-1143
1176
1424
5979
-97
8653
-6320
9553
2898
-2739
-4195
-8503
5457
8538
5349
-7425
-6664
8964
-52
5967
-5876
-699
-8358
-15
-9913
4511
2895
3687
6376
5375
6249
7180
-3812
8620
-7417
2134
1705
-4447
9012
-3297
793
-3880
5896
9601
1676
7485
-8530
6825
1086
-5655
-378
-1689
-7176
23
7367
3819
4650
-8234
-4463
2512
-1740
-9309
4538
4879
8563
-1178
4987
1232
-7425
9512
9022
-7883
9753
3871
-1344
-5825
101
9938
3032
8753
3411
-6464
4110
-7132
-945
-4796
-725
-5482
-244
4337
2361
4936
-3934
-7218
9835
3278
8780
3071
-9135
-2800
-4589
8523
4376
-619
3214
7706
-8230
4259
-7224
5539
-1385
2309
-2384
-9316
-835
658
1215
243
7908
-5827
-2541
-730
-537
5525
-5494
-6240
-4673
2270
-1542
-1707
1734
-1988
-7183
4436
-8289
-2539
-6189
-4390
-8201
-2094
6382
4080
737
-8679
-445
-8689
-1578
-3513
9334
-4034
-5870
-8923
4401
673
2858
-623
6276
-9762
9761
2697
4721
-9892
229
-1019
-688
-151
8473
3037
-9629
1580
-1359
-3071
-6229
-5167
-7953
-2160
-2030
9224
521
9817
-7548
4050
-5001
-1311
5318
5440
-7321
8602
2050
9875
1123
5257
-7214
-1680
-7136
8324
-5318
-9381
-4225
1288
-2775
7908
-2033
796
-2544
-4837
6170
1181
8050
-6481
2481
4382
-8030
-8356
-9029
7062
-9824
2651
-1558
-5039
7785
-2931
9324
6486
-9827
-3985
3208
8901
-4243
-2396
1555
3170
7918
-4875
-7643
-9823
1881
4587
-2581
-2339
5058
5857
-1751
5332
8027
-8463
6984
-8665
-5145
6419
3112
4063
-2471
-174
-4716
1980
-574
4041
-8730
-2793
-8049
1865
2629
8693
2394
879
-2611
-7590
-5270
-7227
-7247
9470
-4862
-9636
4928
-2027
-1080
-5817
6741
3980
-2837
6565
-8743
3359
4620
4170
2778
7914
8433
9235
-93
-3459
-8777
4408
7902
-2143
-3713
9981
2143
-6695
-124
1094
6294
9256
8483
8818
-587
955
18
6315
-365
-5136
1923
-3204
9084
5219
-311
-6979
-5317
8124
3057
-1602
1034
-3752
9967
-2049
7742
1467
-4914
-3418
-9085
-6162
-3603
3922
-6985
-4514
3619
6121
1189
-3249
-2295
-1575
897
134
8749
-4223
5026
-8837
2720
3770
4972
8112
2516
1326
5064
-7392
7421
6451
7764
6557
4682
-3361
8018
-1423
1100
634
6954
9277
5620
-7999
1847
2464
5513
-9129
5782
4748
1150
-6420
3221
9000
4415
6375
4110
1308
-4796
-8036
-5894
-7777
-5204
6777
7347
-8195
3985
3894
273
4887
-8424
6699
-1661
-6780
7235
-8032
7548
-1935
-1180
-8756
7167
-8779
-2343
-7145
2343
5415
1364
748
-3539
-87
-4302
-3590
4384
-1877
4328
4665
-4061
-7207
-4441
-1371
-2039
4028
-2680
9959
967
-3521
3089
-6609
1139
7243
9114
-1092
3396
-6982
9984
-6757
5487
-7930
-8805
-1861
934
-6223
-5535
782
-7652
7605
-5727
-2874
-8910
-7678
9533
3918
3709
-7340
4361
8359
-8221
-3052
2580
5410
-3107
8540
-6158
3886
-8045
-3434
-8801
-7579
-6796
9263
-6590
-8066
2714
4634
2284
3100
-8974
4318
2872
3120
-868
-3237
-9816
5415
1137
-5562
6331
-6867
-4558
7144
3077
-4552
-5072
-1303
4898
2903
-4223
-3883
-9136
8950
-4794
-714
3589
-9960
-3156
-5556
-7029
-3001
3972
5466
1359
2001
-2877
4913
4405
-3888
1271
-8348
5085
4284
-705
6742
5339
73
-7259
-5461
6077
2777
-8913
9792
-3066
1603
3649
5579
2275
6578
-8508
8342
-2916
-7109
-3661
-1846
7916
1334
2112
-4090
-6503
8126
-3336
-1002
5785
-6533
9279
-3828
-4647
4684
-6169
2406
-8108
-6927
1862
8941
-1551
-626
-4666
1318
-9601
146
-6681
9888
-2451
-5919
9241
5112
1327
7446
3446
-9601
4903
2341
-4601
-5204
226
-5417
-4787
7295
247
-3662
-3062
-6038
5046
3573
6885
-4499
-1689
-7888
7030
-2291
-1034
-8529
-5421
-9189
1962
5741
-5461
920
7984
-5085
950
-2676
9656
-9004
-5206
-3309
-8277
4110
792
-8006
-33
8348
-7163
4994
9586
-5575
7692
-2221
-1822
2841
7137
-1649
-4858
7452
-2956
4024
-189
6710
-1653
-6733
3690
-5661
-7285
1546
-1022
-4272
-6723
-1761
442
-5384
-849
5442
6501
7343
-5277
-1097
-4795
2954
9356
71
117
-7101
-8798
-8372
54
1919
3616
-5933
-3814
-3467
-1969
-7232
-1287
-2904
1570
-2516
-1106
8628
2272
-4883
6543
-7631
916
-2174
2931
8049
-3749
-1535
-376
8958
-6180
-6432
9489
6301
5544
-4058
8729
9195
-276
-312
-70
5074
-6984
-9653
-8352
-9632
2985
-9414
-1356
6073
-745
8235
-4970
8833
7037
-5536
-2328
-4970
-963
-1623
5319
3958
7476
6996
-8335
4266
8070
4912
9223
4409
1525
-5839
-9609
2901
1343
360
1108
1078
2711
-4613
-1909
-1065
-2349
2379
1186
7258
-7131
3861
4845
-4216
-7654
4899
4041
1335
-215
-4879
2088
-4195
9996
-291
8805
9858
-1930
2648
33
4138
6965
7707
2363
9473
2978
-4176
-4481
3969
-7900
8209
9830
-7299
-1186
2580
-6549
2532
3090
-3443
-5943
-5487
-3785
1262
-7309
-8679
392
5137
-7802
-7236
-6126
-8326
366
2878
8919
6487
-5792
7015
7482
9121
-9090
-498
8413
-1426
6127
4120
-6969
-3630
-1609
-221
-9610
7438
-4132
4786
-5151
1246
9107
4652
-1911
-7149
-6433
2067
-1172
-6618
2839
-7515
-6201
-1214
-1904
7010
-9350
2671
-9856
7495
9056
9987
-4155
-5014
-4490
-8987
-7661
2397
7641
-5374
-8336
-6032
1849
-47
6662
-7202
-1850
-6373
-3230
6376
3181
5806
-4974
1752
4020
1907
105
9571
-6179
4720
1885
-7912
-2017
-6371
-8627
-9127
7724
7487
1748
2127
-5315
-1453
-8163
-5994
-6093
8024
3558
-6285
-1400
-1118
-5474
7805
-1584
-2997
985
74
657
722
-5760
-5484
-32
3207
-2827
7952
-2664
6847
7404
-7291
-1083
1631
-7230
-4653
-7545
1208
-8421
-6398
-593
3470
9173
1407
-5991
3625
2234
6499
5908
5641
2770
9375
233
8134
866
2687
-3191
-3079
5539
-1901
-5658
-6226
-8681
1017
-1368
-1941
6344
1139
1791
-9847
5374
-8680
6650
2052
7771
-3127
-5209
4331
3925
-9305
6497
6045
3915
9402
-2196
3017
6609
-2265
-6740
24
7945
-121
-8537
2606
7477
-284
-5239
-8395
8300
-6175
8910
8968
184
-7150
-375
-284
656
-6445
-1203
-8673
3086
-9717
1383
-264
3088
7853
7062
-1950
-3728
-1602
4409
7871
-5471
2472
4415
7784
-8171
-211
4976
4394
-7960
-8000
8947
-8238
-1612
-3779
4302
8818
5669
673
-1253
7247
6076
8270
7077
-4860
5965
7373
5797
-2240
2488
-8392
3668
1476
-6140
8674
9036
6221
5084
6956
5049
7267
-9860
5430
-6499
3008
4059
4808
5197
-1242
-7045
2358
-5909
-690
-2545
-8042
8570
-7624
-8767
2125
-6227
1431
3797
-6027
-8795
1018
7237
2981
-6397
1230
5444
8466
-4521
-6042
7519
-3813
-708
1378
-8491
-8217
-4410
8488
6021
3237
-9663
-881
-4427
-5143
-8953
4131
-7156
895
-3331
2204
-7120
-1520
9327
4721
5919
3702
-5810
-1666
1604
9497
-8839
2274
9570
-2984
-8361
9600
-970
-9049
-2030
-3327
-6725
5473
8141
1984
1262
1758
-7757
-9645
-8764
5606
480
3907
4351
5456
8824
7211
7110
-8358
37
8870
244
-5256
8182
-3978
9479
6317
8274
2798
8553
2959
-9118
-899
1552
2435
-2912
4920
5811
6071
2653
-2857
1598
3842
1798
-2776
-872
2262
-56
-1614
2041
9274
7439
-3520
-8234
8252
-3471
6702
8610
-5636
3610
6688
-4510
9474
592
-1347
378
-6185
-424
-3898
-2199
406
7321
-4219
8807
1299
-3976
7135
6226
-860
1442
3329
8183
9616
-9122
8730
-1668
-9432
8141
-8228
8653
-8489
7609
5950
-6053
-6908
-5089
1830
-8802
5350
4678
-1112
1546
-5953
4614
4536
-1015
-6984
6220
7620
7702
811
1191
5499
6862
118
8592
-3039
-6198
-9853
-213
3319
2288
-2219
7236
-8254
3636
6846
-1114
7557
-3124
1948
-2158
-404
-6838
-3568
-6637
-5070
-6503
5911
-5021
-3973
-2115
-9775
3131
-5820
-3863
2691
6766
-7533
8116
-2307
5534
-4779
6076
-5615
-9176
-6499
-7143
3598
2281
591
-8468
1520
-6585
3934
-7630
-7522
-9648
1445
1488
-7280
6992
1022
8379
-4492
-6764
4105
276
3295
5228
-8280
-7730
2663
-2776
-348
9217
9187
-7013
4425
-9562
-312
7998
-3405
-710
-3245
-3485
9532
-2069
-5455
-2219
-6450
1186
9346
1646
-6316
-5821
255
-2197
8996
-6128
-51
667
7392
2720
8644
-7525
4059
3008
-4542
-1183
1631
-2181
-8921
4223
-2796
-7989
-8185
-4796
-7433
9097
-3027
-9209
-2817
8973
-7715
-4013
-7678
1928
627
2213
-297
2771
204
-4050
4290
-9333
-8357
-226
656
-3294
8470
-9439
4197
5165
8701
-4197
6525
1819
-9898
-5725
-9396
-4961
6689
8759
-5195
9061
-8602
-4912
-2282
5924
-8553
-4753
9335
-159
7681
2454
6138
9477
6532
7489
-4055
-233
3667
-5578
1261
1527
2626
-467
-8195
5900
5022
2935
629
-817
-4882
-7642
-4154
-1067
9965
-258
-4354
-1840
4702
-3085
5665
2102
-9661
-5818
5238
4169
-4918
-86
-7940
-3161
-4898
-5852
-6726
-1054
3338
-8492
9332
5478
-2427
6395
7534
-7943
-4618
-9407
1996
3700
9742
-5740
5971
4136
167
9078
1377
-7931
-4450
9556
-6266
-3514
-6217
6349
-9684
5485
-4534
2864
7389
-3095
6692
8146
-4679
-3983
3460
895
-7793
-9889
-6904
6908
-8319
-9285
418
-9817
-100
7942
66
-6784
9086
661
-5604
-2206
-1296
6732
-5529
-2789
-870
-5200
7012
-3546
-9783
8301
-6620
2243
2555
-9191
9622
4538
9032
9548
6967
-2837
1689
-9364
-4607
2262
6903
4801
6820
-1867
-848
8513
-5434
-8322
3626
3627
5751
-873
8800
-3904
-9760
3602
-7330
8369
-2308
3034
2076
5728
4586
5835
-6230
4276
-6967
-2232
-1365
-3372
5371
2336
-5605
-8479
4793
-1553
9369
-7800
5198
2222
-9049
-5071
-8054
-2828
1508
5618
-7995
4651
-3955
3143
-2780
-8531
-5380
-8518
375
4035
508
-7543
8642
630
2084
1769
-6222
-7855
4654
1770
-5069
5153
-206
-2426
9337
7078
8278
9515
226
-3994
-3824
8045
-8528
-2311
-5785
-6053
-4504
972
-9534
-5800
7329
-2264
-7789
1409
-394
-9659
-5258
-3153
-4794
2077
-1691
107
-3662
-2682
8326
-5460
8480
7859
9021
7913
-1380
-2960
-4216
7966
-2227
2318
-2759
-1610
-5896
-1655
541
-269
2113
9665
-7097
-8902
-8709
-4451
3170
2588
-7410
-104
7887
-1033
-1521
3225
8462
8438
3103
-6710
-4817
-2668
-7677
5277
-1282
-8042
-509
-7677
1441
9718
8759
-5035
180
-6963
8969
5793
-2306
9490
6328
3211
4861
-1445
4754
-9995
-2087
8915
-5568
-4711
-2780
5273
-2235
7842
-5466
2866
8373
3716
-9004
918
-1058
4977
9092
4693
-4930
8238
504
-103
8677
9537
-7220
-4579
8604
6893
-6529
1478
-5785
-2459
-9847
-4085
-3348
-3407
-1666
334
9965
3419
6309
8679
-9139
5186
-1428
-8173
361
-4898
-4761
-4553
9333
1246
2646
-713
2065
8084
4360
-2325
-9189
5097
7230
9109
-410
-9513
-890
1312
8169
631
6410
6333
-5087
4274
9926
-7154
8826
7228
1136
-4517
-4147
-1717
9438
8042
7527
-6012
-3901
812
-5182
-1414
8934
7546
-5387
-9567
-9510
-9902
-4542
-1524
-9412
-8246
4994
-2411
9225
3688
-3390
-7046
-8601
-7839
-9806
-8436
2603
3876
-7169
-2333
9121
-4734
-8822
-7577
6490
-6115
-8813
6694
3397
-7571
-1711
8377
-514
-8059
-68
1312
1937
1040
1232
7692
8405
-9655
2555
-9353
-3840
6361
8180
2199
838
-2735
9344
6479
-4
-4879
9997
-9948
7351
3575
-3876
-6628
-848
-5983
7832
-5327
619
2113
-931
2111
5340
8416
-1938
177
-2120
507
-5816
-7515
622
-2588
-3644
4835
3834
-8249
-7529
7481
-8031
5062
664
2162
-960
5667
4225
-3258
-8635
9870
4
-745
1327
8781
-4423
-4626
-332
-9953
-9792
-5451
5926
-9440
-3691
-5711
5532
-4738
-5080
8214
-561
5999
-9121
-1535
-2961
-7067
5083
2325
2738
-7886
8956
-1885
8201
-9301
3181
-3116
-9959
-3833
-864
6911
-9469
5809
996
-6038
-9359
6132
-7561
-1511
1801
4709
-1943
-5616
-8580
3524
-3493
4527
2491
-5623
-3164
-2463
5985
-6081
8566
-1987
-8261
-4103
3263
2962
7402
6133
-9620
-5080
-5325
-4550
-9002
5185
8294
7484
-3758
5442
9143
-8374
9408
-4638
-9936
5175
-770
1033
2701
-5697
7254
-7206
-2328
-7715
-6111
-6083
-5661
5978
-3515